0 0 1
0 50 1
0 100 1
0 150 1
0 200 1
0 250 1
0 300 0
0 350 0
0 400 2
0 450 2
0 500 2
0 550 5
0 600 2
0 650 2
0 700 2
0 750 2
50 0 1
50 50 1
50 100 1
50 150 1
50 200 1
50 250 0
50 300 0
50 350 2
50 400 4
50 450 4
50 500 2
50 550 2
50 600 6
50 650 2
50 700 2
50 750 2
100 0 1
100 50 1
100 100 1
100 150 1
100 200 1
100 250 1
100 300 0
100 350 0
100 400 2
100 450 2
100 500 2
100 550 2
100 600 2
100 650 2
100 700 2
100 750 2
150 0 1
150 50 1
150 100 1
150 150 1
150 200 1
150 250 3
150 300 0
150 350 2
150 400 2
150 450 2
150 500 2
150 550 2
150 600 2
150 650 6
150 700 4
150 750 4
200 0 1
200 50 1
200 100 1
200 150 1
200 200 1
200 250 1
200 300 0
200 350 2
200 400 2
200 450 2
200 500 2
200 550 2
200 600 5
200 650 4
200 700 2
200 750 2
250 0 1
250 50 1
250 100 1
250 150 1
250 200 1
250 250 1
250 300 0
250 350 0
250 400 2
250 450 5
250 500 4
250 550 4
250 600 2
250 650 2
250 700 2
250 750 2
300 0 1
300 50 1
300 100 1
300 150 1
300 200 1
300 250 1
300 300 0
300 350 0
300 400 4
300 450 2
300 500 2
300 550 2
300 600 2
300 650 2
300 700 2
300 750 2
350 0 1
350 50 1
350 100 1
350 150 1
350 200 1
350 250 1
350 300 0
350 350 0
350 400 4
350 450 5
350 500 4
350 550 5
350 600 2
350 650 2
350 700 2
350 750 2
400 0 1
400 50 1
400 100 1
400 150 1
400 200 1
400 250 1
400 300 7
400 350 2
400 400 4
400 450 2
400 500 2
400 550 4
400 600 4
400 650 4
400 700 2
400 750 2
450 0 1
450 50 1
450 100 1
450 150 1
450 200 1
450 250 1
450 300 0
450 350 0
450 400 2
450 450 4
450 500 4
450 550 2
450 600 2
450 650 2
450 700 2
450 750 2
500 0 1
500 50 1
500 100 1
500 150 1
500 200 1
500 250 3
500 300 0
500 350 2
500 400 2
500 450 2
500 500 2
500 550 2
500 600 4
500 650 2
500 700 2
500 750 4
550 0 1
550 50 1
550 100 1
550 150 1
550 200 1
550 250 1
550 300 0
550 350 2
550 400 2
550 450 2
550 500 2
550 550 2
550 600 4
550 650 4
550 700 2
550 750 2
600 0 1
600 50 1
600 100 1
600 150 1
600 200 1
600 250 1
600 300 0
600 350 2
600 400 2
600 450 2
600 500 2
600 550 2
600 600 2
600 650 4
600 700 2
600 750 2
650 0 1
650 50 1
650 100 1
650 150 1
650 200 1
650 250 3
650 300 0
650 350 0
650 400 2
650 450 4
650 500 2
650 550 2
650 600 2
650 650 2
650 700 2
650 750 2
700 0 1
700 50 1
700 100 1
700 150 1
700 200 1
700 250 0
700 300 0
700 350 0
700 400 2
700 450 2
700 500 2
700 550 2
700 600 2
700 650 2
700 700 2
700 750 6
750 0 1
750 50 1
750 100 1
750 150 1
750 200 1
750 250 1
750 300 0
750 350 2
750 400 2
750 450 2
750 500 2
750 550 4
750 600 4
750 650 5
750 700 5
750 750 2
800 0 1
800 50 1
800 100 1
800 150 1
800 200 1
800 250 1
800 300 0
800 350 0
800 400 0
800 450 4
800 500 4
800 550 4
800 600 5
800 650 4
800 700 2
800 750 4
850 0 1
850 50 1
850 100 1
850 150 1
850 200 1
850 250 3
850 300 0
850 350 2
850 400 2
850 450 5
850 500 2
850 550 4
850 600 2
850 650 2
850 700 2
850 750 2
900 0 1
900 50 1
900 100 1
900 150 1
900 200 1
900 250 1
900 300 0
900 350 2
900 400 2
900 450 2
900 500 2
900 550 4
900 600 2
900 650 4
900 700 2
900 750 2
950 0 1
950 50 1
950 100 1
950 150 1
950 200 1
950 250 1
950 300 0
950 350 0
950 400 2
950 450 2
950 500 4
950 550 2
950 600 2
950 650 2
950 700 2
950 750 2
1000 0 1
1000 50 1
1000 100 1
1000 150 1
1000 200 1
1000 250 1
1000 300 0
1000 350 0
1000 400 2
1000 450 2
1000 500 2
1000 550 2
1000 600 2
1000 650 2
1000 700 2
1000 750 2
1050 0 1
1050 50 1
1050 100 1
1050 150 1
1050 200 1
1050 250 0
1050 300 0
1050 350 0
1050 400 2
1050 450 2
1050 500 5
1050 550 4
1050 600 4
1050 650 2
1050 700 6
1050 750 4
1100 0 1
1100 50 1
1100 100 1
1100 150 1
1100 200 1
1100 250 1
1100 300 0
1100 350 2
1100 400 4
1100 450 2
1100 500 2
1100 550 2
1100 600 4
1100 650 2
1100 700 2
1100 750 2
